#VERSION 1

BUTTON
Quit
0
200 50
200 100
0 0 100 255
255 255 255 255

BUTTON
PrintF
0
200 50
200 200
0 0 100 255
255 255 255 255

TOGGLE
Fullscreen
0
50 50
600 300
255 255 255 255
0 255 0 255

TOGGLE
FPS_Limit
1
50 50
600 400
255 255 255 255
0 255 0 255

SLIDER
Volume
52
150 25
450 125
255 255 255 255
255 255 255 255

DROPDOWN
Resolution
5
200 50
200 300
0 0 100 255
255 255 255 255

DROPDOWN
FPS
1
50 50
600 500
0 0 100 255
255 255 255 255

IMAGE
Profile
resources/image.png
1400 500 1000 1200
200 100
10 10

